0.9994763334927832
0.9993811204805191
0.9993810349382501
0.9995238604602396
0.9994287141182754
0.9997381727135921
0.9994287547527319
0.9993335528174937
0.9995001665972546
0.9995715700518757
0.9993097405081193
0.9992620968350642
0.9995001535215562
0.9995715680014262
0.9995953640746267
0.9994049599273922
0.9995715554740348
0.99957156420047
0.9993335318837161
0.99928595144565
0.99940495707956
0.9996667757767199
0.999404901063959
0.9993573245218232
0.9992620968350642
0.9994763165990994
0.9994525438919514
0.9993811545721677
0.9995953708141009
0.999309717513589
0.9996191703322395
0.9995715646927049
0.9995001537639567
0.9993573451440223
0.9997143678692884
0.9993335529428418
0.9994763131846272
0.999238248863701
0.9994763586977704
0.9993335210455407
0.9992859452532012
0.9992621437556108
0.9993097272528199
0.9994049466318822
0.9993097387155394
0.9995953706325507
0.999262150641025
0.9993573476343254
0.9993097519203457
0.9995239640544481
0.999452551149448
0.9993097535626991
0.9994525632671776
0.999500164368182
0.9994763646367281
0.9995001647532873
0.9994287547527319
0.9992859477564069
0.999452557610319
0.9994525622003229
0.9993811381291555
0.9993335545376266
0.9994525516382367
0.9995001618989621
0.9995477652591342
0.9995953540887885
0.9995239666434022
0.9994287618412909
0.9994763452743993
0.9995715416467421
0.9993810895410851
0.9993573366215056
0.9992383328819239
0.9994525572654454
0.9993097374579125
0.9996667504793211
0.99952395697783
0.9995239648181924
0.9992145463744035
0.9993811550139082
0.999428750645274
0.999333526301556
0.9993335021005422
0.9995715702586672
0.9993335542975034
0.9994525629099058
0.9993096792078702
0.9994049336324522
0.9994049574598121
0.9994287419369574
0.9994525549877795
0.9994525626866106
0.999404960102684
0.9990955027785745
0.9995715670227957
0.9995239246158029
0.9993335496762272
0.9992145459828276
0.9994049054983387
0.9995477349044947
