0.7834311198882283
0.7986861584011844
0.7996577012148052
0.7844775212636695
0.7900079060998602
0.7903378441594695
0.7938036533021169
0.7839666249785429
0.7886195286195286
0.7891058267844782
0.7947909901135307
0.7859965359364425
0.7970842531320139
0.7855199516324063
0.7845340474580014
0.7800325172770566
0.7884646811030621
0.7726699501723224
0.7875421827267666
0.7938036533021169
0.7820528979143629
0.8046644061902277
0.7890298170781724
0.7804125930025211
0.7909197883133353
0.7814429001341598
0.7909381074513007
0.7800728082958696
0.7777115218975684
0.8159520904235271
0.7783504034188362
0.7767199487868396
0.7873873217192702
0.7905098150263445
0.7861931236321196
0.7892391667594965
0.7840555898033774
0.8050371195153905
0.7961605499567754
0.8096780973513857
0.7905417380667206
0.7784481679180444
0.8114527635358963
0.7844412420401778
0.8050737548937614
0.7744334097275274
0.7923974281644228
0.7960930667947628
0.7884476795022917
0.7937099857468423
0.7971877870369564
0.7967165205432354
0.7794122431862796
0.7916143394208487
0.7949645739783443
0.7932878938340706
0.7911663243000696
0.8032187063303833
0.7808527829484322
0.7890104652536469
0.8072605314218988
0.7912160670933569
0.7836846649968658
0.8128662682876572
0.7878020165871773
0.8027078538112113
0.7894563962769223
0.8029026258020636
0.7994785137642281
0.7811723830844146
0.78563831708152
0.7926266996546145
0.7980677090158564
0.7895887102321801
0.7864572980852049
0.7758933876580935
0.8070281197861483
0.7996376380682465
0.7853487726553885
0.8037908037908038
0.7919912762115877
0.7906440781440781
0.7835420393559929
0.7811275300041012
0.8094970177703991
0.7947441426343338
0.7912160670933568
0.7950936343495105
0.786658007241189
0.797772710615253
0.7974522215342039
0.7922417294176382
0.8042564909641102
0.7959858527187509
0.7874573104351698
0.8044528784160647
0.8021729904082846
0.7926702802099704
0.7889207366615509
0.7944196703793514
