0.6132240886216533
0.6614885913951334
0.6507049444829891
0.6115355145375378
0.6427071699798973
0.6446768982229403
0.6209089229839184
0.6584737599760228
0.6252413924355307
0.6620847023627277
0.6442803771570895
0.6228091103281826
0.6127246041629604
0.6405702243206549
0.624769638215037
0.6470959595959596
0.633728762618673
0.6300729947579055
0.6506687587863212
0.6446572236412561
0.6450644655160652
0.6285782611731878
0.6584118625835486
0.6158806346435888
0.6435029845754219
0.6196680373147501
0.639360027976919
0.655078126575946
0.621041131365448
0.6660627301137442
0.6408025878650114
0.6382801007556675
0.6186016069332851
