0.949374537448309
0.9482366329776124
0.9479666585224218
0.9464876972214653
0.9485376788541073
0.9462079250389435
0.9471265246789213
0.946836113010205
0.9463051995244437
0.9457640457028474
0.9463100874213641
0.9455013231660998
0.945754342652982
0.945309397971614
0.9468104386573024
0.9478739658905069
0.9466373316629333
0.9485598783085227
0.9463257364930824
0.9480533611538419
0.9467773906096568
0.9462693621226099
0.9457777070680241
0.9473000275376562
0.9462198455693318
0.9470521855995016
0.9482419085865273
0.9454057991221938
0.9456935586897719
0.9485497496922177
0.94722636013554
0.94855797771633
0.9464205705686842
0.9459796330074728
0.9459220143929994
0.9460942732299321
0.9468193424468343
0.9484572341358475
0.9479159937242126
0.9482593401092865
0.9478206454289708
0.9485326983651479
0.946707224570383
0.9481977892116313
0.9453314373436206
0.9481851842170208
0.9468780914543313
0.9462892401058173
0.9486616812395543
0.9469879968118522
0.9473940047080287
0.9454952660699516
0.9459911366435262
0.9469120788391208
0.9460214175916981
0.9465158727157477
0.9482274860950284
0.9450211757626433
0.947604464791702
0.9464455938344384
0.947855143400294
0.947925456405269
0.9475045620302829
0.9465979912517712
0.9463354819275727
0.9471375219900255
0.9461456686914713
0.9462799750975714
0.9465377312979031
0.9475384889515129
0.9459014562234044
0.9471154804808033
0.9478173477538394
0.9463381420157833
0.9482732641315668
0.9463869049551219
0.9464044094373003
0.9477292829441355
0.9481439129514614
0.9479923069602885
0.9480143904543445
0.9456818213806871
0.9482066075150863
0.9477793659329243
0.9458132857743542
0.9459766471466879
0.9478668875025669
0.9480217345664445
0.9478678165210646
0.9449641660202479
0.9462746232983361
0.9463688367384775
0.9479284732930523
0.9458255473008134
0.946242174264269
0.9483884730976062
0.9467915457778777
0.9475276001706299
0.9465211593999103
0.9495198913434169
