0.06756700602534801
0.06815306439904593
0.06942148760330578
0.07132292522596548
0.07118783394985614
0.07020509120890447
0.0713566807024751
0.07061245496654658
0.07027305512622359
0.06996699669966996
0.0689769318299369
0.07182853040713773
0.06687486987299604
0.06863415139277208
0.06925064599483204
0.07074801934355388
0.07017109874252732
0.07003505877500515
0.06928482844150476
0.06989890654012791
0.06955803387030153
0.06880563030428483
0.06969446738232865
0.06780857469116579
0.06979671860489113
0.06931900382349902
0.0705785464278361
0.07122161717867051
0.07037494849608569
0.07078189300411522
0.06907962771458118
0.07051070840197694
0.0694897748399091
0.0694897748399091
0.06989890654012791
0.070984988690109
0.06853117878599543
0.06866846137916753
0.07078189300411522
0.06993295513151108
0.07081575969550458
0.0694897748399091
0.07115404377761793
0.07101881361159659
0.071120246659815
0.06794645636608902
0.07186218211648891
0.06989890654012791
0.07020509120890447
0.07047677891051385
0.07006907928652438
0.07006907928652438
0.06938733340221097
0.06993295513151108
0.07010309278350516
0.06952390787978932
0.06983078827899299
0.07084961941987246
0.07017109874252732
0.07071413871166907
0.07051070840197694
0.06918225989868707
0.07068025110630853
0.07166016827416376
0.0713566807024751
0.06904540283379874
0.06996699669966996
0.06921645648129006
0.07061245496654658
0.07006907928652438
0.0697626418988648
0.06993295513151108
0.06846249481972648
0.06825627202985693
0.0696262647119554
0.0689769318299369
0.06931900382349902
0.07030702658149598
0.06856551009839462
0.06911384551752663
0.07078189300411522
0.07051070840197694
0.0681874740771464
0.0694556347484764
0.06972855815873671
0.07010309278350516
0.06921645648129006
0.06921645648129006
0.0697626418988648
0.07186218211648891
0.07023907666941467
0.06890843248836007
0.06942148760330578
0.06832504145936982
0.06955803387030153
0.06928482844150476
0.06849684036050968
0.06880563030428483
0.07054463090703181
0.06808422362825432
