0.776604991546401
0.8034779272366164
0.7979528821157891
0.7823040890216213
0.7907369136199245
0.7976550510065903
0.7952455857965076
0.7902344607178425
0.7937353780179235
0.7940215495177971
0.7888868949841024
0.793630017452007
0.801735636172217
0.7888868949841024
0.7841031281361148
0.7806241555875094
0.7933947174144861
0.7730110798292616
0.7878505262215785
0.7933458666525446
0.7778401974508216
0.7988587420720736
0.7961993319490837
0.7833846991694825
0.7886195286195286
0.7881298992161254
0.792189972429974
0.7802733214497921
0.7741862054438886
0.8121326060477678
0.7723481407442084
0.7768042190969652
0.7892002442002441
