0.6505165023402442
0.7129935669506751
0.6822397460695333
0.6828025020058359
0.7060145343277873
0.6874738116939059
0.7036832701637923
0.692198889239861
0.6765527616591447
0.7115726592945342
0.6938331314401718
0.6747683109118087
0.6540545941409217
0.6720213465214887
0.6820635372914688
0.6938952621428713
0.6843961940477141
0.6940838102050548
0.6876666096016044
0.6801781294211893
0.692942901019126
0.6637818154609734
0.6974883843254143
0.666794627824971
0.6940030830394306
0.6812934540207267
0.6853272663107547
0.691880617708931
0.6756978395988402
0.7138427441897612
